Média do SRCC - 0.7733 e desvio padrão - 0.0117
Valores de SRCC - [0.7812701555292086, 0.7721431608680301, 0.7515168685282033, 0.7771265564102722, 0.7844981331898588]

Média do PLCC - 0.8029 e desvio padrão de 0.0067
Valores de PLCC - [0.8050955091389228, 0.8080028308177603, 0.7897523224982583, 0.8040985661759529, 0.8074250839862127]

Evolução da loss:
[0.031413508433153825, 0.020043691600828122, 0.019574856261781876, 0.019421777904166708, 0.0191636959290398, 0.018631680515624346, 0.017807018317629597, 0.01671324958488907, 0.015556313591780111, 0.013320589958715977, 0.012126334645833436, 0.01155603581453703, 0.011065130447229695, 0.010745238367697254, 0.010460568637686915, 0.010198181381426929, 0.010010374583385235, 0.009894617493652428, 0.009682986302770645, 0.00956572948895868, 0.009410725910187004, 0.009250351049501213, 0.009206239040294249, 0.008955377974041131, 0.00902805203204191, 0.008962905654149677, 0.00862464375631322, 0.008658186007995113, 0.008586919307523954, 0.008422740523533393, 0.008384688354064045, 0.00825502632171034, 0.008221308296058504, 0.007988236183004956, 0.008003315941471282, 0.007954529111480547, 0.007891947420642875, 0.007859818201737537, 0.0077753834849563505, 0.007645137643622648]
Evolução da loss:
[0.026486563864016224, 0.019000195027772514, 0.018822527167180345, 0.018383981056681407, 0.017853985637581598, 0.01719609825291656, 0.014525134943791531, 0.013112871197610355, 0.012359099073191396, 0.011793937563197687, 0.011302155418513668, 0.011184071381908975, 0.010891701892158755, 0.010827122281105923, 0.010393968927914218, 0.01022940372636113, 0.010154202390122153, 0.009863199476274617, 0.009765213541594141, 0.009715160375067387, 0.009511484635165997, 0.009380773364913665, 0.009197191367598457, 0.009144882300114702, 0.009031995141875028, 0.008860020153825024, 0.008681859419633087, 0.00864029777770315, 0.008480041803161998, 0.008336092056457087, 0.008201098566623552, 0.00816999178260587, 0.008001112455819985, 0.00798136907692496, 0.00803724453333647, 0.007867079036216074, 0.007687440015918885, 0.007647711240838001, 0.007563945832930225, 0.00754889590519717]
Evolução da loss:
[0.030081151728703095, 0.019849799634400932, 0.019565758454273382, 0.01918718965154969, 0.019062653013933745, 0.018384858988971995, 0.01765338008269845, 0.01645437644291965, 0.014187255982376103, 0.012765955333764265, 0.012314206577323761, 0.011681918085308834, 0.011376602305856992, 0.011046336020439095, 0.010992657127124923, 0.010680102692854162, 0.010370484552815527, 0.010284112583908682, 0.010066199776557615, 0.009906752537640314, 0.009929086649439313, 0.009692815414700096, 0.009559620849257853, 0.009396101717212578, 0.00915480821369408, 0.009122048087957656, 0.009040544993319874, 0.008967739959535677, 0.008759029603670426, 0.00854569250169868, 0.00855829233547584, 0.008323937128316463, 0.008371857204890278, 0.008288547563660402, 0.008155487988482318, 0.008026013006446958, 0.007931500131870427, 0.007888130438495575, 0.007712521243356316, 0.007620997838712933]
Evolução da loss:
[0.02888064677198787, 0.019713183540189343, 0.019294879404783603, 0.019100536593228638, 0.018501329383561537, 0.01736251715411772, 0.01539381715286124, 0.01347225423650964, 0.012755410738810454, 0.012250560440681136, 0.011712302808143523, 0.01151467883443859, 0.01113685707530258, 0.010789213588901071, 0.010636325200302674, 0.010376214092719323, 0.010331610643160752, 0.010277831088474375, 0.010146036818956159, 0.009838357017355203, 0.009807436749392691, 0.009743095138147178, 0.009632818240557782, 0.009436648655479538, 0.009232806197057167, 0.009298738204441699, 0.009072405016345401, 0.008927683930590912, 0.008727149185096284, 0.008597898820418835, 0.008445998203815036, 0.008413885710603882, 0.00833074094141863, 0.00817102904751202, 0.008030065096959117, 0.008050939388802305, 0.007841274596377469, 0.007721161160993183, 0.007661656053396799, 0.007454887046136834]
Evolução da loss:
[0.031074516897437177, 0.02001930748312069, 0.019773802640552205, 0.019607485866078012, 0.01941817114591628, 0.01909585897478142, 0.018651974345890006, 0.016617551294436293, 0.014502831817408728, 0.01339000218690166, 0.01286875967228312, 0.012158257497330419, 0.01170904366419621, 0.012081456416848279, 0.011225556564380578, 0.010649095027936652, 0.01036202861735272, 0.010230412754315204, 0.009923285109892724, 0.009895837019910918, 0.009708999874188549, 0.009506640200030118, 0.009353398465059904, 0.009376591751037815, 0.009067409265313357, 0.009108951283408152, 0.008871361604496275, 0.008894470866329761, 0.008728119685122418, 0.008676768927779492, 0.00864913779179684, 0.008486982699232324, 0.008406222114221209, 0.008306070735598619, 0.008205274967218025, 0.008129184876221216, 0.007982334007263288, 0.007887386980915576, 0.007884084724956044, 0.007646378759841715]
