Média do SRCC - 0.7529 e desvio padrão - 0.0038
Valores de SRCC - [0.7568570964182955, 0.7465112238170951, 0.7566231679499871, 0.7525862272935586, 0.7517647754313111]

Média do PLCC - 0.7919 e desvio padrão de 0.0037
Valores de PLCC - [0.788530823421954, 0.796978496010843, 0.7869230103781284, 0.7933750138732164, 0.7935633469884977]

Evolução da loss:
[0.03236083372769552, 0.01984132201196478, 0.019476964824929065, 0.019207494384202634, 0.019192352204487496, 0.01895521171501882, 0.01855946857655894, 0.018139478593458613, 0.01758992186995105, 0.01648913568628597, 0.01422749771847434, 0.01284326006111408, 0.01216197973403651, 0.011702023541262846, 0.011449127554586748, 0.01109690902410962, 0.01083295348761899, 0.010690313837830983, 0.010568690936206765, 0.010300361717651998, 0.010221278037144137, 0.010025675746238983, 0.009941403244045518, 0.009801792268667163, 0.009787784549102764, 0.009560656803105735, 0.009483176905805954, 0.009414815682537174, 0.009279262089024534, 0.009210836766879, 0.009145382496099624, 0.008928341712499599, 0.009076431302847118, 0.008939660090069834, 0.008822645357761916, 0.008717171057397204, 0.0085926213801103, 0.008549701319665589, 0.00848487435723655, 0.008442319777151127]
Evolução da loss:
[0.027704340548047587, 0.019506804088854954, 0.01931021100701025, 0.0190638442355622, 0.01871309665841095, 0.01805135846186045, 0.016430694798362396, 0.0147711721111259, 0.013236402839307658, 0.0123991456348449, 0.011991034453598014, 0.01178042251904983, 0.01129422826223105, 0.01108215888407791, 0.010854470591607785, 0.010574141670654099, 0.01054712236140086, 0.01032307363920919, 0.01022829329511816, 0.010111292083618335, 0.009987755032997238, 0.00987147915154873, 0.009748448369680859, 0.009676234553187406, 0.009531153853343327, 0.009407391127694162, 0.009286740091204318, 0.009189787094429549, 0.009154655222710783, 0.009126131438062571, 0.008953802072302631, 0.008834694836950225, 0.008746571015633111, 0.008624823030365247, 0.00861339917496985, 0.00847735064564317, 0.008403261206463895, 0.008339523517486033, 0.008256796585296147, 0.00825910791680808]
Evolução da loss:
[0.031155380570063635, 0.01977453899148497, 0.019177322877415765, 0.019205197596752512, 0.018986198591024038, 0.0189021970699763, 0.01876471648990576, 0.01865849127652981, 0.018527596213278315, 0.017867031024901996, 0.015350127986739464, 0.013612769047049658, 0.01263908356324666, 0.011919101177703678, 0.011471406313210046, 0.01108605039466749, 0.01090660105165582, 0.010825940252592167, 0.010463930510302326, 0.010327725659220643, 0.010176291371906353, 0.010035985783259902, 0.009982482844775188, 0.009923190458692492, 0.009786177633999152, 0.00963947559071202, 0.009507296186509646, 0.00936120594269596, 0.009219015557189576, 0.009266055309646097, 0.009228660656686222, 0.009078690945263214, 0.008970491510505477, 0.008961961607426582, 0.008874765929899045, 0.0087900455835061, 0.008704967793106796, 0.008625259425672185, 0.008534299681380775, 0.008404227703096463]
Evolução da loss:
[0.027370859329248706, 0.01955363557614859, 0.019233749102106287, 0.01893404533713317, 0.01828237762489903, 0.015544147576696964, 0.01401703959443636, 0.013376008087929915, 0.012671293719904497, 0.012360657624889254, 0.011817214037624322, 0.011710468463928602, 0.011306486240798785, 0.010997329505958728, 0.010844309468262104, 0.010648256905528435, 0.01051693263838792, 0.01043638225925702, 0.010284697389348394, 0.010083083586309046, 0.010019288067558101, 0.009881449699085871, 0.009915872349030531, 0.009736191842146956, 0.009539971766542525, 0.009486466534860757, 0.009368589350728259, 0.009232697085872854, 0.009153286682068563, 0.009048357350929152, 0.008950871141952655, 0.008943167506783669, 0.008787880935299669, 0.008833057002260513, 0.008628989871968293, 0.008614353014669928, 0.008496719317340721, 0.008435605114394252, 0.008381676948389098, 0.008286897992735565]
Evolução da loss:
[0.02918151994457557, 0.019525152978502096, 0.019267790706916935, 0.01879848209801056, 0.017986231103783383, 0.015197887589844564, 0.01380374987858222, 0.013115748141278765, 0.01256389534036215, 0.012083078696695526, 0.011822126176123255, 0.01145819629776284, 0.011383800249498722, 0.011046680786262548, 0.01100578378527499, 0.010676360707120261, 0.010648223633382706, 0.010338631025718761, 0.010232321326694792, 0.009969493028678236, 0.010048664063640264, 0.00985612207238326, 0.009778375142588398, 0.009708426365192743, 0.009457911742160038, 0.009445614821281255, 0.00924147541439789, 0.009172292010459517, 0.009114555544256869, 0.008963375634814997, 0.008931552193456493, 0.008862101982924201, 0.008680068847579173, 0.008677627444350427, 0.008591944922319806, 0.0085145887855943, 0.008367879698718233, 0.008245967063149215, 0.008250808155733265, 0.008191700429759093]
