Média do SRCC - 0.7162 e desvio padrão - 0.0230
Valores de SRCC - [0.7374610479381346, 0.6840253044309119, 0.744361032320226, 0.6972116120204275, 0.7180820366425589]

Média do PLCC - 0.7307 e desvio padrão de 0.0546
Valores de PLCC - [0.7752601198272103, 0.6533506972722157, 0.7914048875613738, 0.6788063435198681, 0.7546718268083021]
Evolução da loss: [0.5578989591892987, 0.25891118079778697, 0.25197491830303553, 0.2522547397289484, 0.25267591432387393, 0.24954157181468511, 0.2499873640961827, 0.24740418933686756, 0.24420139537976374, 0.2437036537698337, 0.2409398846239561, 0.23858670449061764, 0.23543259711374367, 0.2326970968158945, 0.22868696618677367, 0.22690303280713067, 0.22031843798264625, 0.2157295516559056, 0.22547038891426627, 0.21994951235810442, 0.2136089002255291, 0.2095687057645548, 0.20576694210813867, 0.2051298018722307, 0.20240689971528592, 0.19834829286657393, 0.1983535690307026, 0.19459216893162756, 0.19016434768185256, 0.1855623619335275, 0.17211883391682353, 0.1537580220767903, 0.14528097734150905, 0.14291217637854436, 0.138590137525979, 0.1334171630811715, 0.12995162513846206, 0.12739490437513543, 0.12739501218681062, 0.12349463454891174]
Evolução da loss: [0.5795484688059087, 0.2552662016749973, 0.2518840961986118, 0.24935721033918007, 0.24799222013513958, 0.2472931364078134, 0.2465931398956667, 0.24482692305057768, 0.24505066828772662, 0.24402037536400178, 0.2436935335161194, 0.239302897774097, 0.234548115400627, 0.2298402799855149, 0.226749572592477, 0.22458258124127511, 0.21777727221330953, 0.21408406473577968, 0.21091166194824, 0.20592162251797697, 0.20475567062015806, 0.20375189483757056, 0.19908953866817886, 0.19475471469322367, 0.19158360833627364, 0.19103067142090627, 0.1876521006315237, 0.18783062932983277, 0.18642093322520692, 0.18337401693745975, 0.18088271665490335, 0.18095551049780279, 0.17829195001266068, 0.1774487076844606, 0.1773650404139762, 0.17543110901135064, 0.17519262880973874, 0.17325118010390608, 0.17153350931651418, 0.17041101395374253]
Evolução da loss: [0.5444819658462491, 0.25845463831155074, 0.25106228329241276, 0.25074632381576867, 0.24856254513863296, 0.24718864951726227, 0.24640924853110124, 0.24405384105112818, 0.2436133565174209, 0.24169491861192954, 0.24278587839078336, 0.2425074112926802, 0.23931269040183414, 0.23756472997751737, 0.23208769719811187, 0.2282910380911614, 0.22304427491441842, 0.2203247333684611, 0.21711947457746616, 0.21407271186924642, 0.21120054214187559, 0.20865298040388597, 0.20731839451879736, 0.20592928719189432, 0.20129528711919512, 0.20270891914085026, 0.1987726573521892, 0.19378197217537535, 0.19230106380575943, 0.185550119580021, 0.1669321215105435, 0.15269972834854373, 0.14681734885310843, 0.1406015851091416, 0.1378350977172395, 0.1351344494873451, 0.13182136850313297, 0.1274149585108731, 0.12667598907968827, 0.12411098654884549]
Evolução da loss: [0.5923592510914045, 0.2571952473667879, 0.2510923214463724, 0.2523973567026948, 0.25011361405874294, 0.2484759119827123, 0.2479715213652641, 0.24780814157473663, 0.24582408333847683, 0.2472441918734047, 0.24611156068683143, 0.24361549699974674, 0.244482814763037, 0.242814246934676, 0.2428352271339723, 0.23995128287268536, 0.23663092960440923, 0.2370625778160516, 0.23390087269483104, 0.22876118133140225, 0.22239114704822738, 0.21602271127677153, 0.2099519167760653, 0.20721508308299005, 0.206227134927989, 0.20076268643052095, 0.19956143196701767, 0.19758751558228618, 0.19540306880685782, 0.19413237901227104, 0.1905394141148362, 0.18846432648835673, 0.18475182766153936, 0.18537994185166937, 0.1814212973214804, 0.17944941952055882, 0.17868983806184832, 0.17607864733075812, 0.1740403330278775, 0.17270087979231324]
Evolução da loss: [0.5586955963027855, 0.2578376244369244, 0.2539029025236174, 0.2522593674560388, 0.2502254950887864, 0.2514622738318784, 0.24694022157096437, 0.2460857030070786, 0.24808986087344467, 0.24455706123262644, 0.24588251683033174, 0.2439058745457303, 0.2426187772126425, 0.24277767827290864, 0.2411997074793492, 0.23562604523012562, 0.23196813813041126, 0.22746921786003643, 0.22102878010639596, 0.21722490823132887, 0.21175565161106605, 0.20954661242782124, 0.20714290618216472, 0.20375998463067743, 0.19965876109661565, 0.19797917581089433, 0.1962031332982911, 0.19257700340526682, 0.18926393297604388, 0.18716810107053744, 0.18455549058253093, 0.1836049517114011, 0.1813400210073543, 0.17896536906205474, 0.1772552815650309, 0.1752166659792974, 0.1725906159373976, 0.16554031967525445, 0.14754887760454227, 0.13918421373865197]
