Média do SRCC - 0.7580 e desvio padrão - 0.0127
Valores de SRCC - [0.763483288417466, 0.7493947125335795, 0.7375216573143046, 0.7674453779101409, 0.7719817724935867]

Média do PLCC - 0.7968 e desvio padrão de 0.0068
Valores de PLCC - [0.8016356502697136, 0.7921075053755425, 0.7856961393824401, 0.8031601008275256, 0.8012982756805362]

Evolução da loss:
[0.03177954108705596, 0.01984023988258005, 0.019372000389488504, 0.019199148986473798, 0.019192654396488613, 0.018906760851793464, 0.0187907381230847, 0.01841790217994934, 0.01681140273447252, 0.0139453384982762, 0.012666168043367742, 0.012227510215736748, 0.011729837495035358, 0.011583433042572339, 0.01115742175736361, 0.010914770722766184, 0.010652853358936096, 0.010682739300324418, 0.010476972911477325, 0.010234951540099693, 0.010185671141482004, 0.009922750084014196, 0.010074490510825334, 0.00978560011929995, 0.009809225363867535, 0.009662422702632963, 0.00952149790135168, 0.009490734913722716, 0.009423926591389029, 0.009288716104088558, 0.00925486620851896, 0.009139303058858902, 0.009104672147678064, 0.008935508863364775, 0.008785712485116655, 0.008727577051595001, 0.00871728259621055, 0.00853861345852252, 0.00850875197821075, 0.008402751588229356]
Evolução da loss:
[0.026808171051680037, 0.019326526355663582, 0.018887261877627303, 0.0188787820733278, 0.016999211463530266, 0.015010512888520247, 0.01395218268578266, 0.013426827426652408, 0.01283924080919297, 0.01215908709809088, 0.011671610273114065, 0.011473237469862585, 0.011171821389801889, 0.010866588415367352, 0.010767083468621538, 0.010489976649830443, 0.01042320272268077, 0.01018849282482979, 0.010038186608451523, 0.009905952022000704, 0.009967536443062792, 0.009733487304950517, 0.009636277923293943, 0.00950102770094952, 0.0095115298870027, 0.009230414226684453, 0.009246788050938723, 0.009194798366118606, 0.008986565064535372, 0.008974167682084491, 0.008813816151121586, 0.008747053041588515, 0.00870551949501821, 0.00868379606750779, 0.008572914584499177, 0.00850014796245858, 0.008432955556181407, 0.008362957056508295, 0.008322168195884423, 0.00824370210235458]
Evolução da loss:
[0.02966797197448267, 0.01961381612752106, 0.019100864069528937, 0.01881860674817174, 0.018568667926869932, 0.018276247430577992, 0.017226134000035625, 0.015143012900518933, 0.013161537892994516, 0.012221995868631416, 0.011788134211822161, 0.011166924847260354, 0.01097337624412917, 0.010655791665490215, 0.01034489658241722, 0.010227611059293387, 0.010003509288210245, 0.01001055936822446, 0.009769874755644224, 0.009682584886110224, 0.009692100841747892, 0.009502987448026292, 0.009348599026293775, 0.009295326188698204, 0.00921801864197256, 0.009211675585007354, 0.009035982828151198, 0.008925817831094184, 0.008859313091277958, 0.008809845593835538, 0.008723603372114695, 0.008623111750773479, 0.008541735954442254, 0.008430549837020596, 0.008440380677625182, 0.008410872926885662, 0.008231961506045616, 0.008176039857928464, 0.008093941880765164, 0.008075918865090768]
Evolução da loss:
[0.0279210755122929, 0.019706889602636533, 0.0191080007731678, 0.018785341734266176, 0.016950192837236776, 0.01535939888350503, 0.0143055842259884, 0.013398382723579065, 0.012840959003254299, 0.012165098107606543, 0.01178721474513175, 0.011381759172460685, 0.011191853772967107, 0.010934098884010583, 0.010793202363568106, 0.010686278339042994, 0.01056132240254166, 0.01039440916446481, 0.010266656221430158, 0.01005910133521649, 0.009966015201320665, 0.009878484205165435, 0.009810984888370887, 0.009653687223954687, 0.009393530174820048, 0.009310458085521878, 0.009182855131156329, 0.009004507022577204, 0.008812993200355402, 0.00869389559121041, 0.00859620964611023, 0.008547574272684176, 0.008454102847728849, 0.008432584135175964, 0.008318683472997879, 0.00825595506859596, 0.008291074543699829, 0.008178449437735484, 0.008135367204510932, 0.007954648617813954]
Evolução da loss:
[0.030360977850957878, 0.019649784771784667, 0.019443269032755835, 0.01920556426528723, 0.019027083558732612, 0.01885889653931372, 0.018426562222423, 0.016649981697795854, 0.0142510868013016, 0.012728838221399143, 0.01221416656081269, 0.011646278819719713, 0.011112770247679676, 0.010849715038184224, 0.010586055507513858, 0.010369157840383223, 0.010232874320723884, 0.010077523316131048, 0.009904133348119638, 0.009857964396129347, 0.009770694568509325, 0.009581521850902521, 0.009496004147905975, 0.00948878717728861, 0.009284812031731393, 0.009219377640254116, 0.00919857330270119, 0.00900193087900767, 0.008954106996599067, 0.008837078340418105, 0.008720463397727895, 0.008709812070481434, 0.008681182819788181, 0.008607282149439146, 0.008462884273271017, 0.008435201694189187, 0.008309019572426758, 0.008308532405487587, 0.008252155807678633, 0.008266304879696922]
