Média do SRCC - 0.7656 e desvio padrão - 0.0088
Valores de SRCC - [0.7715255726596856, 0.7699901296136633, 0.7751052588753247, 0.760466384893281, 0.7510339379699901]

Média do PLCC - 0.7981 e desvio padrão de 0.0103
Valores de PLCC - [0.7977597800967124, 0.79834330767502, 0.8075001464994125, 0.8074918682914585, 0.77926230859123]
Evolução da loss: [2.5906208224949383, 1.1318360749809515, 0.5474495039957147, 0.30569818521302844, 0.24271418594770014, 0.22160571126178616, 0.2050494057022863, 0.18079429196696434, 0.16280330585256692, 0.15469029476304377, 0.15045674625665895, 0.14573826467884438, 0.14320755073253716, 0.1404569745581183, 0.13984382852897168, 0.1365840406053596, 0.13388037216103088, 0.13366052621443356, 0.1316962719207541, 0.1285794965649349, 0.12758514882686237, 0.12542192774662186, 0.12370681934916074, 0.12151749673048182, 0.1204446594763015, 0.1193195547472449, 0.11739707640224388, 0.11558618247213345, 0.11468491358091197, 0.1133590727371888, 0.11092341134309887, 0.10894784453280625, 0.10865792486491421, 0.10636361122929625, 0.10493088092669726, 0.10372998002206996, 0.10170008633137932, 0.1017430423248914, 0.09866694006551471, 0.09814253155999476]
Evolução da loss: [2.5284752450765127, 1.2333101124044448, 0.6507682874650945, 0.3594093855899123, 0.25070493254396653, 0.2195689908583604, 0.1970136903433336, 0.17614076798042608, 0.15982944044535832, 0.14945829330780913, 0.14402155485743331, 0.1397638393506881, 0.1355915467461778, 0.13303265815955542, 0.1301942550325914, 0.1284609358935129, 0.1262393180827891, 0.12417406697816674, 0.1232886469612519, 0.12133611707637708, 0.11939956012758471, 0.11820326496787842, 0.11553778413624044, 0.11508393063697786, 0.11447513410969386, 0.11229355885676803, 0.1117241002974056, 0.11108926448616244, 0.10878891540720823, 0.10755216208700505, 0.10598020935948524, 0.10503659876329559, 0.10474185218724112, 0.10315353708666941, 0.10173364329550948, 0.1002130793843655, 0.09835832594479951, 0.09725929178031427, 0.09728233522868582, 0.09611380342689771]
Evolução da loss: [2.4390989369934513, 1.1922985284574448, 0.6417885567874663, 0.36034058522255646, 0.2662300735948578, 0.2307654036401165, 0.21158173523606763, 0.19135782274875848, 0.16919893238486516, 0.1559744697537214, 0.14800521892510235, 0.14349421044249858, 0.14109854527290852, 0.1384954025288896, 0.13594361198770386, 0.1338755863363899, 0.13233758226805736, 0.12950343699268405, 0.12891035624558017, 0.12685946658224104, 0.12592321921819968, 0.1240432911242048, 0.12266667992142695, 0.12171906546970444, 0.12052955660998585, 0.11913065330701925, 0.11844731896509608, 0.11761317300122409, 0.11626267721433015, 0.11526060476899147, 0.11444580294783153, 0.11370150870939214, 0.11218014426736368, 0.10951344487035558, 0.10954677521635497, 0.10735385075566314, 0.10518207829371685, 0.10533438149159627, 0.10461182727493228, 0.10249998086013846]
Evolução da loss: [2.478513076428383, 1.2354485031867783, 0.6540205613488242, 0.3519664209129082, 0.2558367410970349, 0.22496571982397684, 0.2066044809577602, 0.1871776906034303, 0.16912003242898555, 0.15635105280856054, 0.15014335414808658, 0.14380611386150122, 0.14320777881417482, 0.13987201778957295, 0.13799574842587822, 0.13582261968477968, 0.1326306265157958, 0.13250863388003337, 0.13050981693058497, 0.128837239211573, 0.1280027689885289, 0.12593849978247096, 0.12583864437756204, 0.12362482670753722, 0.12293758229278619, 0.1206474146170039, 0.11913800590656816, 0.1194038548107658, 0.11586278147758945, 0.11422222371154006, 0.11353761121438491, 0.11103276871810001, 0.11051862668024287, 0.10807085259714061, 0.10554942726675007, 0.10582847670755452, 0.10391380546599745, 0.105388483893688, 0.10167248484249862, 0.10019780484042944]
Evolução da loss: [2.5561574336791795, 1.2209758380102733, 0.6109658066065066, 0.35689464768779183, 0.2601287966771495, 0.22421728476645456, 0.2032357420373176, 0.18268697297880573, 0.16592102129721925, 0.15378540267960894, 0.14535581312393622, 0.13945125532706107, 0.1347825883015517, 0.13212870739193427, 0.1304264267433494, 0.12690350934789177, 0.12638226238685468, 0.12434722731510799, 0.12249384849287924, 0.1213206029644916, 0.11955230671261984, 0.11911820795475728, 0.11666621724956684, 0.11756422661156171, 0.11406199869862388, 0.11378488065083585, 0.1115135965676653, 0.11045822683012202, 0.10940882672614877, 0.10756697965460638, 0.10613240302717757, 0.10482205138615673, 0.1029857935435656, 0.10153039687475751, 0.10032041211213384, 0.09882758520839233, 0.09716847601405804, 0.09586447842847852, 0.09596883067269883, 0.09379135460651938]
