Média do SRCC - 0.7767 e desvio padrão - 0.0036
Valores de SRCC - [0.7731400601656039, 0.7782530392208212, 0.7752883091945383, 0.7829805609687438, 0.7740514250683677]

Média do PLCC - 0.8077 e desvio padrão de 0.0050
Valores de PLCC - [0.8012111956009789, 0.8110741422749461, 0.8020138747669879, 0.8127230437098468, 0.8115033452085826]

Evolução da loss:
[0.04358913802305266, 0.01730565412805253, 0.014136268083737897, 0.012067902834147274, 0.011445103456646883, 0.010950857101725267, 0.010728576537942337, 0.010418931978093165, 0.01029815999994291, 0.010046604747277877, 0.009910174093434646, 0.009808620576107402, 0.009658672975742124, 0.00954506879243704, 0.009352098909735177, 0.009284317083213301, 0.00917515415737095, 0.009058757139543544, 0.009116960531664229, 0.008945239204516087, 0.00876541133315879, 0.008580744895245141, 0.008499840960472025, 0.008333960318446366, 0.008204552254432606, 0.00813075211564345, 0.007875475809597115, 0.0077532656076881624, 0.0076713218503365556, 0.007461778077182345, 0.007314197952389747, 0.0071211408820032835, 0.0070136060752528945, 0.006881775160316407, 0.006729220808853233, 0.006500633172450646, 0.0064121590551203264, 0.006198005234297838, 0.0060224233531612084, 0.005983046399908037]
Evolução da loss:
[0.05752777850573203, 0.01912048341990966, 0.015390637824090109, 0.012797919000380688, 0.011877083730983682, 0.011368658293836884, 0.011146816074855567, 0.010791055951452267, 0.010661944681372021, 0.010312130695508261, 0.010295271782928871, 0.01004946596240477, 0.009979310893132129, 0.009825345398100566, 0.009568766244069955, 0.009478475360314377, 0.009492109437742906, 0.009389938838827971, 0.009357819243127273, 0.009140031261181104, 0.009090637091994433, 0.008956091520505853, 0.00877244698275472, 0.008648729890525814, 0.008542945158542209, 0.008387073875397503, 0.008259026770709112, 0.008186352487038156, 0.00804985610219384, 0.007861517756874303, 0.007791681373621234, 0.007617485393041981, 0.007543406393591477, 0.007425486777229087, 0.007327858829826471, 0.007111307245814094, 0.007046656809203948, 0.006879718773739619, 0.006787740828012974, 0.006622548622082889]
Evolução da loss:
[0.04140450975059399, 0.017471189678107048, 0.01361227497164648, 0.011729854198786178, 0.011093491521601136, 0.010742027828070735, 0.010585934611588037, 0.010249311434260258, 0.010196809097015787, 0.009990863386534213, 0.00989746139708182, 0.009797991428982526, 0.009753558507774927, 0.009667555058267824, 0.00949987923007621, 0.009448617794698784, 0.009307906227020015, 0.009275687423752739, 0.009124254022257418, 0.009055005075568924, 0.00902149425995063, 0.008834379499257054, 0.008735455498690642, 0.008668670976591769, 0.008389225732701431, 0.008366621321155912, 0.008208034832182059, 0.008049396345288388, 0.008043515044615588, 0.007785309610115956, 0.007682135702842581, 0.007539189712602704, 0.007424891033830742, 0.007316227108868401, 0.007244968500417021, 0.007036966446783423, 0.006898180378595411, 0.0068256241536887715, 0.006628557333781842, 0.006564312567842001]
Evolução da loss:
[0.051830079127472665, 0.019168788593055472, 0.016204586842500177, 0.013263248168634221, 0.011779559547744973, 0.011271001275403366, 0.010854134063092283, 0.01071810421288117, 0.010528244851489685, 0.010332962633655702, 0.01013783846209417, 0.010031926568545815, 0.009971008419857494, 0.00981284671976778, 0.00967786060960313, 0.009604646344780036, 0.009424839551756454, 0.009267803614622809, 0.009143320685585163, 0.008981167670017817, 0.008810077003011155, 0.008759622899344236, 0.008605871399003451, 0.00844193563245917, 0.008381673622699011, 0.008123779829706081, 0.008076040001007699, 0.007897429879420319, 0.00783207016814101, 0.007714202356365849, 0.0076182365016956325, 0.0074754895694139935, 0.007385943668879687, 0.007258290924558726, 0.007232480891934034, 0.007094244761410953, 0.007028568883672253, 0.006991502606228645, 0.0067978794975224735, 0.006733077263763537]
Evolução da loss:
[0.062311212349283905, 0.019399378076380504, 0.015831696596698804, 0.013444035120921889, 0.012033734327396526, 0.011375478291440578, 0.011002802776010146, 0.01080031163569185, 0.010580875928373269, 0.010450473557400058, 0.010285697487970105, 0.010198687950688755, 0.010081907744900072, 0.009852111217610184, 0.009703531373469602, 0.009560908974399642, 0.009446321930255859, 0.009279513058053064, 0.009180069428920332, 0.009112701023234025, 0.008958463730763585, 0.008937973430239788, 0.008800010932775746, 0.008622724922523568, 0.008498095656885573, 0.008356897459071618, 0.00826763638178818, 0.00816497091242733, 0.007909097089265873, 0.007922679275257647, 0.007706121048873423, 0.00755639675041912, 0.007439751805837399, 0.007396889639609967, 0.007188654255716958, 0.007075496997299885, 0.006998470915335467, 0.006852577692673852, 0.006704529963335806, 0.006644724728724372]
