Média do SRCC - 0.7700 e desvio padrão - 0.0069
Valores de SRCC - [0.7581792632674449, 0.7712602607339889, 0.7695087021089997, 0.7797770148760146, 0.7711319314108911]

Média do PLCC - 0.7991 e desvio padrão de 0.0092
Valores de PLCC - [0.7845376622457981, 0.7984778247009092, 0.7969477596774964, 0.8129641837629614, 0.8025803468294298]

Evolução da loss:
[0.04384282152427153, 0.01816516004720821, 0.014977575961633452, 0.012223501117818707, 0.011206427426446997, 0.010809965280165512, 0.010487734874163473, 0.01027978779951347, 0.010092070802957528, 0.010036631885524248, 0.009860559599474072, 0.009799144094041179, 0.009650955823460771, 0.009451785138235353, 0.00939553318173802, 0.009290326594574643, 0.009128720833114274, 0.009054634713157568, 0.009018044697956019, 0.008903441350585559, 0.008743851988424828, 0.008663489077229141, 0.008536548802300193, 0.00841855276805637, 0.00833246982767291, 0.008159560506187734, 0.00798692172444019, 0.007791123725289095, 0.00766205757145866, 0.00749720050075594, 0.007390805809307725, 0.007234933116475105, 0.007147548644940206, 0.006941850334572207, 0.00674891935837906, 0.006731125024435599, 0.006522921305510127, 0.006378749589433908, 0.006262040316840516, 0.006069360084929651]
Evolução da loss:
[0.058982205099522296, 0.019445107725914568, 0.015636573337750242, 0.013106857729513966, 0.011673635532913198, 0.01120192887139551, 0.010826709462673448, 0.010623496304827906, 0.010293585380413644, 0.010214637041032787, 0.010072608538422852, 0.010005038494007691, 0.00984622535410352, 0.009706442377396993, 0.00963981317851456, 0.0095744033169467, 0.009493443413197787, 0.009358631524105838, 0.009171181835145467, 0.009171056722859956, 0.008993740859238195, 0.008948199925870294, 0.008782460955285749, 0.008802048765891602, 0.008547707006708526, 0.008578349601492168, 0.008335937673340567, 0.008294472177993388, 0.008096666864788396, 0.00788739297468777, 0.007805160598114266, 0.0076672580039557365, 0.0075247472781311015, 0.007394207608913781, 0.007240208720470528, 0.007149798781028949, 0.0069389398787669575, 0.006798677481359817, 0.006672849176712113, 0.006534297907141052]
Evolução da loss:
[0.06231653620858514, 0.01989089449893476, 0.01613980757593665, 0.013915523827549011, 0.012223275057280377, 0.011608212197657734, 0.01139696833071491, 0.010992578868310721, 0.010782519131363, 0.010540435353057489, 0.010497880075866032, 0.010216315172516578, 0.010112870476737116, 0.010043824497621418, 0.009880712432768344, 0.009774232390179624, 0.009620560928144388, 0.009529529913653812, 0.00945129235541182, 0.00928562049364065, 0.009210554996065589, 0.009063290698187692, 0.00898288137238798, 0.008808057051658305, 0.008688537479703507, 0.00863517101693322, 0.008468651166324326, 0.008339203602638066, 0.008206347277293736, 0.008095803033534644, 0.007939805161200523, 0.007838147541781562, 0.0077839488071659284, 0.007753520964234624, 0.007563975381633518, 0.007465539676126181, 0.007392203888951963, 0.007314665379309435, 0.007098585227227193, 0.007021362033796438]
Evolução da loss:
[0.04347685001982701, 0.018267356693589438, 0.015817924059875723, 0.013300826685735956, 0.012013081627960746, 0.01141573663704866, 0.011190108319241849, 0.01081754318724889, 0.010673438763848343, 0.010504907964440506, 0.01035407243415691, 0.010122802192603962, 0.010028948861410812, 0.009872419376661706, 0.00969904961317615, 0.009626177224581913, 0.009497955823520435, 0.009417573760156445, 0.009273711768429845, 0.00910244501262371, 0.009022803767861444, 0.00892117994769092, 0.008823823475275218, 0.00866135057996929, 0.008509525770066483, 0.008265517616463412, 0.008150377826366042, 0.007979177345756426, 0.007787688504553415, 0.007744964143577298, 0.00749295690496053, 0.007393270934237138, 0.007242474542830938, 0.007044600974676007, 0.006969272636943349, 0.006867715976633397, 0.00669134774389455, 0.006503580384083935, 0.00637647951444951, 0.006233867318119987]
Evolução da loss:
[0.035991173874150725, 0.017147837701024456, 0.01411489640373648, 0.011978120734778396, 0.011367450101441511, 0.010932054950870455, 0.010603669924118245, 0.010470131733676507, 0.010293132451821178, 0.010056623378731606, 0.009912411065583694, 0.009691407981639108, 0.009557089981778214, 0.009348207320611451, 0.009331501589114187, 0.009160125240062674, 0.009027678399376335, 0.00886848084776411, 0.008871853135162151, 0.008612206856635147, 0.008515690372968536, 0.008337974132339854, 0.008317282429382589, 0.00816578650569898, 0.007976820501166262, 0.007959457197492676, 0.007906473141961865, 0.0077200230891956755, 0.007498794039415699, 0.007427642254957131, 0.0073701903567693775, 0.0073047237427321275, 0.007104866136658183, 0.0070929318513547526, 0.006924451059026141, 0.006781212381264638, 0.006661124536231722, 0.006583311951660093, 0.006424543697484917, 0.006324809754178638]
