Média do SRCC - 0.7639 e desvio padrão - 0.0102
Valores de SRCC - [0.7594671872361919, 0.7507581299374982, 0.7812041236249447, 0.7675834433437262, 0.76073253763097]

Média do PLCC - 0.8009 e desvio padrão de 0.0124
Valores de PLCC - [0.8005435856749612, 0.7773932855936734, 0.8096192408667624, 0.8045392379822586, 0.8121842029152506]

Evolução da loss:
[0.058138389526570716, 0.019863527707962528, 0.01610580070354488, 0.013306292328735932, 0.01196506570023115, 0.011464355421060371, 0.011099193262727193, 0.010847290496929504, 0.010644505090091289, 0.010437711469306138, 0.010318709377084843, 0.010080545096166639, 0.009921753982780501, 0.009766586172479457, 0.009617142449733653, 0.009450102321034859, 0.00937132847159066, 0.009161049229395946, 0.009018893028417277, 0.008869650656826765, 0.008786479016952587, 0.00862851750756067, 0.008508295547919318, 0.008383466762588507, 0.008273089033854564, 0.008185123343349598, 0.008038284118926625, 0.007961702823180646, 0.007835023262674757, 0.0077995158734709205, 0.007646872603800148, 0.007506690186721879, 0.007426159971001898, 0.007237187804772504, 0.007107903362281384, 0.007061566658584135, 0.00691542555028314, 0.006764682249114331, 0.006721706756497807, 0.006620818780945791]
Evolução da loss:
[0.049350541550666094, 0.01865466995283015, 0.01529485949902751, 0.012759316629464073, 0.011701834136767992, 0.01116652943938601, 0.010900018570874448, 0.010663750977347798, 0.010421587550173706, 0.01028620634765719, 0.010166390768496231, 0.010003779926115558, 0.009815170017342703, 0.009699871086807449, 0.00951284489392059, 0.00942572480158156, 0.009305095653020082, 0.009172113739103744, 0.008998135904899783, 0.0088891693670857, 0.008807429765251331, 0.0085927593666831, 0.008488238166873566, 0.008431116938554046, 0.008204917031680308, 0.008097332279754078, 0.008053838612607844, 0.007989303897216266, 0.007815157906854496, 0.007692305593370711, 0.007550332540256296, 0.007464474720080265, 0.0073346997075806565, 0.007197113590553359, 0.007105074197863273, 0.007030656468862343, 0.006832980799825034, 0.006682657995187338, 0.006632984241901246, 0.006513532325727052]
Evolução da loss:
[0.038840961224022544, 0.017966840830114152, 0.014777250672017949, 0.012275546831670143, 0.01137254869293732, 0.011075352839682074, 0.010697251644968573, 0.010507429413135268, 0.010399846067201228, 0.010220153952508958, 0.010115895355637703, 0.0100443949899821, 0.009797116247234896, 0.00975196178686539, 0.009623362684607624, 0.009431003702163238, 0.009403792215466854, 0.0092727420117063, 0.00910245250662907, 0.008983416666206534, 0.008879196509951726, 0.008686102000952121, 0.008585535044345768, 0.008496904493002812, 0.008324469736960185, 0.00832252255788753, 0.008095132470193748, 0.007978747399719727, 0.007894849783504411, 0.00761708231446045, 0.007591498705248038, 0.007514006242715931, 0.007287814944339473, 0.0071413133509128195, 0.007062431848478607, 0.006902071474108934, 0.0067497586040565416, 0.0066427412809663645, 0.006620877739531727, 0.006501641538177084]
Evolução da loss:
[0.03838038075038986, 0.01736932136035258, 0.01458975913405921, 0.012367175952050953, 0.011452492053476385, 0.011012687245272986, 0.010730148269055736, 0.010402745078502607, 0.010201658528771192, 0.01010637488012897, 0.009958484621685264, 0.009779172112411331, 0.009592357926377436, 0.009547578783923878, 0.009330944473197359, 0.009205173102802493, 0.009145015238558814, 0.008937458194504004, 0.00884605249591423, 0.008737917406953842, 0.008620549213937631, 0.008402575061486532, 0.008388844455660705, 0.008094346445027946, 0.007990414813523077, 0.007861029310983472, 0.007748767079892642, 0.007648476631388009, 0.007534381316324312, 0.007447142036177129, 0.0072958254904877985, 0.007233034181390105, 0.007042790510153975, 0.0069621109816205085, 0.006810301925898308, 0.006834147594793375, 0.0066836027595739336, 0.006598666414252615, 0.006507242793015885, 0.006386280231665643]
Evolução da loss:
[0.059385865222707036, 0.01962338364867878, 0.01623125640778906, 0.013876073402426546, 0.012332146212602743, 0.01143433659204415, 0.011019728920285753, 0.01079414788927395, 0.01049698667881626, 0.010394143888593785, 0.01029422947959531, 0.010006410934563194, 0.009955545112403805, 0.009795775051258268, 0.00975725799429393, 0.009572615801256948, 0.009558842880540482, 0.009344223318048678, 0.00932814781129035, 0.009249538882628142, 0.00915793102005467, 0.008974258978259824, 0.008887369950008136, 0.008783082973437443, 0.008637110838511338, 0.008591692436889316, 0.008438554473243477, 0.008313697608490845, 0.008229240729835711, 0.008025592842069084, 0.007929292738452436, 0.00769715612829988, 0.007543581310153332, 0.007453841915112063, 0.007328857397725288, 0.007200336496767011, 0.007047963170205346, 0.00689824259773429, 0.006654826223403068, 0.006549018956277342]
